305.011985291684 283.001364014670 253.395021770541 223.637491532595 246.377830471288 276.162507792632 281.737953663987 229.342541708048 266.849168510702 261.395393460083
283.001364014670 450.482277132171 305.160179386273 314.783415753869 271.290061557510 306.512708266432 339.584443779280 266.188641552378 240.795976784597 272.127137288198
253.395021770541 305.160179386273 346.709901436532 180.388242698654 274.941180628159 267.034054989085 312.734898299723 205.774540946136 195.158929098807 217.772537812592
223.637491532595 314.783415753869 180.388242698654 299.721694616030 196.900710143762 213.789859187500 271.838101010482 221.987183115426 206.618968290462 244.675233426180
246.377830471288 271.290061557510 274.941180628159 196.900710143762 349.158846978394 270.589231484672 331.896726151510 236.373132477071 213.170710817772 279.395108802124
276.162507792632 306.512708266432 267.034054989085 213.789859187500 270.589231484672 293.180102447163 291.740791401572 230.073231207145 240.889495024123 268.790925331973
281.737953663987 339.584443779280 312.734898299723 271.838101010482 331.896726151510 291.740791401572 434.398461399285 338.220785162798 252.009029400309 307.117784784920
229.342541708048 266.188641552378 205.774540946136 221.987183115426 236.373132477071 230.073231207145 338.220785162798 314.897684978467 211.243983885350 270.782846154851
266.849168510702 240.795976784597 195.158929098807 206.618968290462 213.170710817772 240.889495024123 252.009029400309 211.243983885350 267.646725908146 240.881285496226
261.395393460083 272.127137288198 217.772537812592 244.675233426180 279.395108802124 268.790925331973 307.117784784920 270.782846154851 240.881285496226 384.032073615647
5.832397488930 1.191409877725 6.448579880593 4.243996952187 3.663472488073 0.681942880046 0.117937436251 8.018643154345 6.554790366567 5.176460321567
